60000.0 -60.0 0.0 0.0  1.56711571236847427e-05 1.46462791943479601e+02 9.46865678789346390e+01 1.66479649412514092e+01 1.62817656977182046e+00
60000.0 -60.0 0.0 137.0  1.56779864219402399e-05 1.46489204282866808e+02 8.99934507007164370e+01 1.59326474762924022e+01 8.62191043108554295e-02
60000.0 -60.0 0.0 5000.0  1.60522416205299750e-05 1.46550378186983693e+02 8.17590508447340198e+01 4.52835788338110490e+01 8.11497528795824818e-02
60000.0 -60.0 0.0 86400.0  1.55857700392336957e-05 1.45880687335396374e+02 1.09351607765866788e+02 7.50339982546758133e+00 2.88230741911102628e+00
60000.0 -60.0 90.0 0.0  1.77780347814201806e-05 1.37699423340683722e+02 3.64590366281955554e+01 3.92206761463521971e+01 2.88230741911102628e+00
60000.0 -60.0 90.0 137.0  1.77827086409590031e-05 1.37624076386559295e+02 3.62865752256210641e+01 3.87304337296599357e+01 2.88230741911102628e+00
60000.0 -60.0 90.0 5000.0  1.77967509106691285e-05 1.35381662678086343e+02 3.28836136156083327e+01 2.14603053208344647e+01 2.88230741911102628e+00
60000.0 -60.0 90.0 86400.0  1.76434381281551550e-05 1.39251856407321867e+02 3.77142348447335536e+01 4.36721601252097997e+01 -2.10081398375445566e-02
60000.0 -60.0 187.5 0.0  1.68932219788928398e-05 1.33354772160078937e+02 2.13442885488778451e+01 -1.41077806644169819e+01 -9.89562217633400687e-01
60000.0 -60.0 187.5 137.0  1.68921070844772856e-05 1.33351604792601677e+02 1.99623927902618128e+01 -1.06615521659998436e+01 -1.16947041865259371e+00
60000.0 -60.0 187.5 5000.0  1.69161219455970007e-05 1.33175063720143783e+02 2.60447111239758584e+01 -2.83502945051810471e+01 1.01335115727195624e+00
60000.0 -60.0 187.5 86400.0  1.69290828337503671e-05 1.33504800115354584e+02 1.22899479207968234e+01 -5.43361549493907336e+00 -9.64326150876811172e-01
60000.0 -60.0 300.0 0.0  1.61647778472469978e-05 1.38561589947069137e+02 7.16262760484203937e+01 -4.98981319789431979e+01 -9.64326150876811172e-01
60000.0 -60.0 300.0 137.0  1.61526209065995769e-05 1.38648879234528721e+02 7.21266612916428187e+01 -4.96157600541359258e+01 -9.64326150876811172e-01
60000.0 -60.0 300.0 5000.0  1.57696294679099023e-05 1.41856003122871613e+02 8.64290186816139681e+01 -3.32690430756099644e+01 -9.64326150876811172e-01
60000.0 -60.0 300.0 86400.0  1.63755762716189638e-05 1.37163958935317964e+02 7.47702549552801230e+01 -5.48823720603192911e+01 -5.55885278749491896e-01
60000.0 -20.0 0.0 0.0  1.91699540430494046e-05 1.29848407967411276e+02 1.63655171149385659e+01 8.89663760094856571e+00 -1.31198774635481880e-01
60000.0 -20.0 0.0 137.0  1.91635338677949249e-05 1.29829117719192453e+02 1.96308713179672267e+01 9.58629698764260141e+00 2.25395617318535968e-01
60000.0 -20.0 0.0 5000.0  1.88325940243788179e-05 1.30550538928463254e+02 2.39991490257554219e+01 2.23096337004473604e+01 3.31766130813631765e-01
60000.0 -20.0 0.0 86400.0  1.93514655651530407e-05 1.30607997441531552e+02 -1.74820659489723962e+00 -4.42726867123709145e+00 1.37828305995355116e+00
60000.0 -20.0 90.0 0.0  1.68210553190613743e-05 1.44631591820274650e+02 -4.03765879208076512e+01 2.95584142660843199e+01 -4.43602650405172438e-01
60000.0 -20.0 90.0 137.0  1.68062395989915918e-05 1.44717445463920228e+02 -3.78016017422499004e+01 2.77899463355794936e+01 -8.19017046811982841e-01
60000.0 -20.0 90.0 5000.0  1.63419535164472452e-05 1.46767661686332673e+02 -3.18041361805083724e+01 2.38898260876753490e+01 -7.91075250566396160e-01
60000.0 -20.0 90.0 86400.0  1.71933363907141930e-05 1.42658358532156200e+02 -2.13061108842657738e+01 2.78014346355449895e+01 -2.35651444979815183e+00
60000.0 -20.0 187.5 0.0  1.63250590714327365e-05 1.44288866251935360e+02 -3.70794082030549603e+01 7.45563706164015194e+00 5.35131722608955362e-01
60000.0 -20.0 187.5 137.0  1.63361661758555645e-05 1.44287985150700052e+02 -3.48563843717517230e+01 6.68098858222167280e+00 8.52362821755940081e-02
60000.0 -20.0 187.5 5000.0  1.67955050628805775e-05 1.44755481956893760e+02 -4.78093693044889818e+01 -5.31632139145832561e+00 1.02836591711568626e+00
60000.0 -20.0 187.5 86400.0  1.61972162050471695e-05 1.44464447553593175e+02 -4.94231036161523747e+01 6.20342555868047896e+00 -3.08627029367153527e-01
60000.0 -20.0 300.0 0.0  1.90278689166958510e-05 1.40509992095894489e+02 -1.73924721207250634e+01 -3.99766097062168271e+01 -1.06537996476471175e+00
60000.0 -20.0 300.0 137.0  1.90357292067269635e-05 1.40388733664151033e+02 -1.44643513117313010e+01 -3.88440178259972413e+01 -3.30931407263177491e-01
60000.0 -20.0 300.0 5000.0  1.92470327910270997e-05 1.35868555071389437e+02 -1.40904351503736613e+01 -3.68202110258523732e+01 1.97499731834087844e+00
60000.0 -20.0 300.0 86400.0  1.89236725759765832e-05 1.42694124491080856e+02 -2.64729341798109452e+01 -3.61376583958809334e+01 -5.89038441532197865e-01
60000.0 0.0 0.0 0.0  1.86919954075400529e-05 1.33249695785770797e+02 -7.82856370349968333e+00 1.74049315607854957e+01 4.81917785064665469e-02
60000.0 0.0 0.0 137.0  1.86815337787626483e-05 1.33279618716568223e+02 -8.30254256260262302e+00 1.88601100539325266e+01 3.57360147771341286e-01
60000.0 0.0 0.0 5000.0  1.82178657960272911e-05 1.35417807258265782e+02 -4.96496533212024715e+00 3.91508072578718558e+00 -9.84250166141028893e-01
60000.0 0.0 0.0 86400.0  1.89412168096019392e-05 1.33004238390548153e+02 -9.10812578602214273e+00 8.88004753880256459e+00 4.37171401147581518e-01
60000.0 0.0 90.0 0.0  1.63903463177098041e-05 1.48597575659008072e+02 -2.73532179400406825e+01 -2.11780252752131730e+01 1.37333824361293627e-01
60000.0 0.0 90.0 137.0  1.63775053145079317e-05 1.48659060358967650e+02 -2.74692146431508100e+01 -1.81618450679243537e+01 -9.14309673565490644e-01
60000.0 0.0 90.0 5000.0  1.59175151826856697e-05 1.49996399804787757e+02 -2.71401600558876197e+01 -4.06713855785621021e+01 -1.75400202067771160e+00
60000.0 0.0 90.0 86400.0  1.67009269067805227e-05 1.47041568868052593e+02 -1.50928375089730462e+01 -1.56254141276431895e+01 -4.85671144890344075e-01
60000.0 0.0 187.5 0.0  1.45775899093944358e-05 1.47548546993474162e+02 -3.49880120483567367e+01 -1.01283450698491961e+00 -4.05167295924533169e-02
60000.0 0.0 187.5 137.0  1.45787720480188214e-05 1.47540468514101974e+02 -3.72562413932212806e+01 -3.80174130654827636e+00 5.08277470898135575e-01
60000.0 0.0 187.5 5000.0  1.47900200944120749e-05 1.47436999894646021e+02 -2.67477181621195328e+01 3.26407274289866400e+00 -1.40655028596276765e+00
60000.0 0.0 187.5 86400.0  1.46488292826559622e-05 1.47893301940175888e+02 -5.32011026489276517e+00 -3.48071248518446694e+01 1.48754506749483362e+00
60000.0 0.0 300.0 0.0  1.83434443862402392e-05 1.39015121647548256e+02 -4.47775207316604735e+01 4.91927065248761650e+01 -1.49993066620415094e+00
60000.0 0.0 300.0 137.0  1.83611550191345792e-05 1.38912374513012310e+02 -4.41612724796542864e+01 4.67819504821144818e+01 -1.56517525999261675e+00
60000.0 0.0 300.0 5000.0  1.88272184510001898e-05 1.35527282751721515e+02 -2.97375182369003142e+01 5.00852381315996382e+01 1.02926356283868081e+00
60000.0 0.0 300.0 86400.0  1.80750429682190289e-05 1.41012848620501870e+02 -7.38659229670715831e+01 5.27869994381192100e+01 -8.60260855925571222e-01
60000.0 35.0 0.0 0.0  2.07905707590168373e-05 1.46070487964308853e+02 -5.02037625858046894e+01 -9.20353613036954421e+00 5.91666484779809987e-01
60000.0 35.0 0.0 137.0  2.07999573768959426e-05 1.46090101939530911e+02 -5.25450460853075256e+01 -1.18574984606547389e+01 1.06418129085578150e+00
60000.0 35.0 0.0 5000.0  2.11986257606573002e-05 1.46107116121571721e+02 -5.57567809282623372e+01 -2.29139774235926303e+01 3.83887855707706560e-01
60000.0 35.0 0.0 86400.0  2.07114161840533985e-05 1.45530292279471496e+02 -4.20278563849785343e+01 -4.50256387641853628e+00 -1.58953092001294838e+00
60000.0 35.0 90.0 0.0  2.22149845971853120e-05 1.39103035277088054e+02 -7.75232877238626799e+01 -4.72848658931132064e+01 -1.58953092001294838e+00
60000.0 35.0 90.0 137.0  2.22120549758084279e-05 1.39041040431968753e+02 -7.77540365137135012e+01 -4.71267956668074035e+01 -1.58953092001294838e+00
60000.0 35.0 90.0 5000.0  2.19633609378215039e-05 1.37134425996993372e+02 -8.43727288629520586e+01 -4.00199398102844270e+01 -1.58953092001294838e+00
60000.0 35.0 90.0 86400.0  2.22534247948397309e-05 1.40292585262709650e+02 -7.75384952811746331e+01 -2.05508092004070306e+01 -5.92793339181632351e-01
60000.0 35.0 187.5 0.0  2.03102228535240463e-05 1.34714724846471739e+02 -1.05474438932281814e+02 6.78954279363691082e+00 -5.92793339181632351e-01
60000.0 35.0 187.5 137.0  2.03064757589413999e-05 1.34710011937082498e+02 -1.05601608619425022e+02 6.81821040254576705e+00 -5.92793339181632351e-01
60000.0 35.0 187.5 5000.0  2.02736065252094789e-05 1.34569402371720656e+02 -1.09913783826185494e+02 8.40613310199277564e+00 -5.92793339181632351e-01
60000.0 35.0 187.5 86400.0  2.04741888596113341e-05 1.34776903468845859e+02 -1.08193683284510570e+02 -6.08953640612369007e-01 -5.18237447356879488e-01
60000.0 35.0 300.0 0.0  2.05106096568052997e-05 1.39813154123098485e+02 -8.63105767299222606e+01 3.31822688227437226e+01 -5.18237447356879488e-01
60000.0 35.0 300.0 137.0  2.05088404955213912e-05 1.39885210193901344e+02 -8.58660352873478701e+01 3.32492295897383272e+01 -5.18237447356879488e-01
60000.0 35.0 300.0 5000.0  2.04727549429099270e-05 1.42478352370469509e+02 -7.05786268062573612e+01 3.20610538957686231e+01 -5.18237447356879488e-01
60000.0 35.0 300.0 86400.0  2.05930216697316262e-05 1.38588310851829164e+02 -9.36182091277956090e+01 2.53882038660205787e+01 2.25002084992610341e+00
60000.0 70.0 0.0 0.0  3.32739680771231014e-05 1.47433452640044578e+02 -2.58591716132669589e+01 7.81033243255638254e+00 -2.37125131608145356e-01
60000.0 70.0 0.0 137.0  3.32725848967762989e-05 1.47442467089541282e+02 -3.03793864156844293e+01 6.78430320674466447e+00 -7.54609457650794901e-01
60000.0 70.0 0.0 5000.0  3.31822279376377605e-05 1.47371583692530720e+02 -5.51359914156591202e+01 5.00569929876542297e+00 -9.96984897849759855e-01
60000.0 70.0 0.0 86400.0  3.31340634167834940e-05 1.47204575752785189e+02 -3.89961939407253482e+01 1.85875104454722120e+01 -7.97806063116857089e-01
60000.0 70.0 90.0 0.0  3.32993879628812025e-05 1.40693900932870719e+02 -4.98160149678607596e+01 -5.85442577187621538e+00 -7.97806063116857089e-01
60000.0 70.0 90.0 137.0  3.33023376148487235e-05 1.40627271172759123e+02 -4.99077910054618883e+01 -5.85618353825627302e+00 -7.97806063116857089e-01
60000.0 70.0 90.0 5000.0  3.33448824060125215e-05 1.38600714934001303e+02 -5.25073993269121075e+01 -5.87913532011792128e+00 -7.97806063116857089e-01
60000.0 70.0 90.0 86400.0  3.30810536217918049e-05 1.42116677346374900e+02 -4.83520005884075701e+01 -1.89787678344704815e+01 -5.27630918901727530e-01
60000.0 70.0 187.5 0.0  3.14699646110974256e-05 1.40511649498534638e+02 -6.47868607895267701e+01 -2.28039741473639666e+01 -5.27630918901727530e-01
60000.0 70.0 187.5 137.0  3.14511098471907384e-05 1.40564788316689857e+02 -6.49271586259151263e+01 -2.27782067709194394e+01 -5.27630918901727530e-01
60000.0 70.0 187.5 5000.0  3.08930612457146534e-05 1.42379222471699592e+02 -7.00661560343899339e+01 -2.02548200023295522e+01 -5.27630918901727530e-01
60000.0 70.0 187.5 86400.0  3.16692094855037436e-05 1.39793162693787821e+02 -6.60963155927617265e+01 -1.69703288879628147e+01 2.68354487384256213e-01
60000.0 70.0 300.0 0.0  3.24117936911481964e-05 1.45475632900373540e+02 -6.60726159005718330e+01 1.90176621537803641e+01 2.68354487384256213e-01
60000.0 70.0 300.0 137.0  3.24291104181541706e-05 1.45488644971207407e+02 -6.58104891667536549e+01 1.90901715154178788e+01 2.68354487384256213e-01
60000.0 70.0 300.0 5000.0  3.29426893863645536e-05 1.46090629918706583e+02 -5.63189302541341021e+01 1.91462536380617934e+01 2.68354487384256213e-01
60000.0 70.0 300.0 86400.0  3.19758014045447677e-05 1.45321134083495991e+02 -5.98197059390849475e+01 3.02290553551997974e+01 -2.27335820066811722e+00
100000.0 -60.0 0.0 0.0  3.26731009499714944e-08 1.14351487415251569e+02 8.84753680834487142e+01 -1.90893590233205366e+01 -7.28470337840911775e+00
100000.0 -60.0 0.0 137.0  3.26780537566718399e-08 1.14360185172862202e+02 8.76870579889566955e+01 -1.15268883312059742e+01 -6.43460704061384003e+00
100000.0 -60.0 0.0 5000.0  3.26609583686169169e-08 1.14485774322361038e+02 7.43199657154426347e+01 1.65260777000825350e+01 -2.15832632897267535e-01
100000.0 -60.0 0.0 86400.0  3.26199146093319534e-08 1.14215224722841697e+02 7.33211619161477870e+01 -1.30877424179980100e+01 3.63698186141454594e+00
100000.0 -60.0 90.0 0.0  3.02357704742311417e-08 1.11304227744245708e+02 1.71964594733790115e+01 4.37245268340558724e+01 3.63698186141454594e+00
100000.0 -60.0 90.0 137.0  3.02092752266603267e-08 1.11250772318527439e+02 1.68752117947099265e+01 4.33800885140136501e+01 3.63698186141454594e+00
100000.0 -60.0 90.0 5000.0  2.92818518022490043e-08 1.09101366142709210e+02 9.80412730123272880e+00 2.97866228861539923e+01 3.63698186141454594e+00
100000.0 -60.0 90.0 86400.0  3.07662556054698685e-08 1.12195839256316674e+02 2.72814084316324603e+01 7.11703911308921136e+01 -1.32320994342872011e+00
100000.0 -60.0 187.5 0.0  2.71354659306312714e-08 1.01792652676276560e+02 4.26318334261292193e+01 1.10450835634132147e+01 1.84809319131001537e+00
100000.0 -60.0 187.5 137.0  2.71338663433834646e-08 1.01783184907961783e+02 4.36640145528609906e+01 7.74535571130030398e+00 1.92014431572098387e+00
100000.0 -60.0 187.5 5000.0  2.72281620223584035e-08 1.02037739601294504e+02 2.17071888968244586e+01 1.47008050607811711e+01 2.84404401402812246e+00
100000.0 -60.0 187.5 86400.0  2.72224034388080024e-08 1.02043388850916486e+02 2.56784586616769275e+01 -8.79001098551512960e+00 2.97973690641813116e+00
100000.0 -60.0 300.0 0.0  3.07077070086057111e-08 1.11349532260836625e+02 3.25940440431921132e+01 -6.36100938409810723e+01 2.97973690641813116e+00
100000.0 -60.0 300.0 137.0  3.07349209991944666e-08 1.11399223658899331e+02 3.31572979781741140e+01 -6.37443867855849717e+01 2.97973690641813116e+00
100000.0 -60.0 300.0 5000.0  3.16341402454507413e-08 1.12884421134845184e+02 5.42586327831448685e+01 -6.18602662199582767e+01 2.97973690641813116e+00
100000.0 -60.0 300.0 86400.0  3.03164991112595860e-08 1.10487027108628766e+02 3.05415418301054444e+01 -5.01250546326041615e+01 1.93745801619239666e+00
100000.0 -20.0 0.0 0.0  3.69608122714350585e-08 1.22652849052080086e+02 2.08349467824611381e+01 -4.90427892209960081e+00 2.02184260804040283e+00
100000.0 -20.0 0.0 137.0  3.70008767912290023e-08 1.22606213234767381e+02 1.74215236269927267e+01 -4.64741697478935567e+00 1.51321436917543273e+00
100000.0 -20.0 0.0 5000.0  3.86908805650589683e-08 1.21037407046553383e+02 2.75381359597757189e+01 5.55826232745139848e+00 5.54413141977671753e+00
100000.0 -20.0 0.0 86400.0  3.65376624746389858e-08 1.23556028722765802e+02 1.37846501226687117e+01 4.16233482643165065e+00 1.83985410077819633e+00
100000.0 -20.0 90.0 0.0  3.99916487980289930e-08 1.20247125801767851e+02 6.70183416357081363e+00 -1.25943412361695621e+01 3.78267112624218482e+00
100000.0 -20.0 90.0 137.0  3.99415756648987297e-08 1.20254486116403925e+02 7.55697365572231483e+00 -1.28623130970911710e+01 3.72252166815323626e+00
100000.0 -20.0 90.0 5000.0  3.77472069695912561e-08 1.20218500268347924e+02 2.15022521111525080e+01 -1.60115798956959949e+01 2.19880420356512607e+00
100000.0 -20.0 90.0 86400.0  4.09100821291119617e-08 1.20005836479092892e+02 -7.87765366286262569e+00 -2.78435710359155770e+01 -5.91821260897442802e-01
100000.0 -20.0 187.5 0.0  3.40065914939396333e-08 1.14089427781279610e+02 2.04132636645150498e+01 -5.96527698144109664e+00 -2.23103045164107128e+00
100000.0 -20.0 187.5 137.0  3.40458990770421433e-08 1.14054588115637742e+02 2.36880534163644541e+01 -2.98133984170015509e+00 -1.98794738561588225e+00
100000.0 -20.0 187.5 5000.0  3.57746940284111488e-08 1.13502149409744291e+02 -2.11721359699719969e+00 -7.10743446125755796e-01 -1.65833923584800091e+00
100000.0 -20.0 187.5 86400.0  3.35885510769185422e-08 1.14904860729768075e+02 2.33746030522113983e+01 1.79954480666108765e+01 -1.51123835881964881e-02
100000.0 -20.0 300.0 0.0  3.71355608902495686e-08 1.23978193711669135e+02 -2.92127515598935261e+00 -4.74378082482091941e+01 -7.48892602527618245e-01
100000.0 -20.0 300.0 137.0  3.71019181681916173e-08 1.24020626598953342e+02 -1.64945404750386082e+00 -4.65564912131754625e+01 -2.56094765373339583e-01
100000.0 -20.0 300.0 5000.0  3.61404004729051911e-08 1.24774427800129033e+02 -1.51358469209068112e+01 -3.58863301956819356e+01 -3.48450017717357508e+00
100000.0 -20.0 300.0 86400.0  3.78763207064472731e-08 1.23036251625073902e+02 9.98188743874738904e+00 -2.14331865154108705e+01 -4.30828294533067435e+00
100000.0 0.0 0.0 0.0  3.60111001295078067e-08 1.23074847721392359e+02 -1.39798228652953469e+01 -1.86253984878390177e+00 -4.20085394324322792e-01
100000.0 0.0 0.0 137.0  3.60502708465343048e-08 1.23098085266160638e+02 -1.41044545549705322e+01 -8.73883544003096091e-01 -9.90683267195825168e-02
100000.0 0.0 0.0 5000.0  3.84878487820738894e-08 1.23474234831483628e+02 -2.71735803154961175e+01 2.54511946277377010e+00 -1.14347682908829862e+00
100000.0 0.0 0.0 86400.0  3.58865057387045669e-08 1.22730411818633300e+02 -1.05052743163537681e+01 -1.13951703645931950e+01 -7.88422103449223033e-01
100000.0 0.0 90.0 0.0  4.48588545583407374e-08 1.17628194537322386e+02 -3.58433276301601751e+01 -1.93992534612701064e+01 3.93128475259914723e+00
100000.0 0.0 90.0 137.0  4.48027023451947038e-08 1.17565303351631172e+02 -3.61913655375622696e+01 -2.18873038666919939e+01 4.23301125670736056e+00
100000.0 0.0 90.0 5000.0  4.17533784050713566e-08 1.15657491139001451e+02 -1.48858835968077248e+01 -2.45546250294523816e+01 1.99510061287220331e+00
100000.0 0.0 90.0 86400.0  4.56951703487483868e-08 1.18716103323909593e+02 -1.98844124771130986e+01 -9.18391917437977590e+00 4.42705885021863532e-01
100000.0 0.0 187.5 0.0  3.38985069662728848e-08 1.16948246682292975e+02 -5.62062374172709944e+00 -3.91359075416787050e-01 -4.06787139732759373e-01
100000.0 0.0 187.5 137.0  3.39690055329207211e-08 1.16986225861605504e+02 -4.62920925878661826e+00 -2.12894508041259201e-02 -1.96539304947636606e-01
100000.0 0.0 187.5 5000.0  3.74459088266309614e-08 1.18186294668202365e+02 -1.14259565137929950e+01 5.16596586535919577e+00 6.02863737344914052e-01
100000.0 0.0 187.5 86400.0  3.32480716915045233e-08 1.16351030961725598e+02 1.99376046719539843e+01 2.68027161637891425e+01 3.85434488465331038e+00
100000.0 0.0 300.0 0.0  4.15292887677968201e-08 1.19688488133607052e+02 7.03667240664325888e+00 -3.52555823934124746e+00 2.41685522080764503e+00
100000.0 0.0 300.0 137.0  4.14329400126086068e-08 1.19708988410278863e+02 8.89091418735362105e+00 -4.04186986164511808e+00 2.52268411755158217e+00
100000.0 0.0 300.0 5000.0  3.80874583077415844e-08 1.20693472493918847e+02 7.35091923706175354e+00 -4.79391117737894845e+00 1.82384717726756662e+00
100000.0 0.0 300.0 86400.0  4.32551798967423662e-08 1.19468029958556301e+02 -3.80584488716588183e+01 1.21747886089414905e+01 5.00186019133302651e+00
100000.0 35.0 0.0 0.0  4.98227062833313110e-08 1.23668314160859666e+02 3.33104546601135283e+01 -7.36505490625833836e+00 -1.03902016776980965e+00
100000.0 35.0 0.0 137.0  4.98113198413081635e-08 1.23706803212702525e+02 3.26972193005551617e+01 -7.64880108400487657e+00 -4.93568468997718945e-01
100000.0 35.0 0.0 5000.0  4.99086664457703914e-08 1.25401412929802746e+02 3.58955911556181348e+01 -3.03688333455210682e+01 4.28750523721032550e+00
100000.0 35.0 0.0 86400.0  5.03418073663511098e-08 1.23127500808491746e+02 2.15977618654341548e+01 -5.69114697690256399e+00 -1.81926087074774179e+00
100000.0 35.0 90.0 0.0  5.19609782609382576e-08 1.24114379680899731e+02 -3.08591383229811278e+01 -4.97032227047774029e+01 2.10233514271930849e-01
100000.0 35.0 90.0 137.0  5.19372037795831369e-08 1.24008971089019028e+02 -3.51397549567550129e+01 -4.74160276993780485e+01 1.43837234573606199e-01
100000.0 35.0 90.0 5000.0  5.03728879711404835e-08 1.19589625630881258e+02 -2.40826648513568955e+01 -5.21627701029728463e+00 2.75689852460843765e+00
100000.0 35.0 90.0 86400.0  5.22070742510933576e-08 1.25730206868129400e+02 -1.23491916754385151e+01 -2.59730661372446967e+01 2.76795431988094931e+00
100000.0 35.0 187.5 0.0  4.13577059354049674e-08 1.10905881571954311e+02 -9.69383813878352996e+00 -2.66999025216629349e+01 -8.81860833059135096e-01
100000.0 35.0 187.5 137.0  4.13609167638019830e-08 1.10972774041841646e+02 -9.44169885600044445e+00 -2.52124264030455834e+01 -1.02846071898400115e+00
100000.0 35.0 187.5 5000.0  4.24385336063083546e-08 1.14275410615233000e+02 -2.14407654621921289e+01 -3.75104018726940680e+01 -4.38082719521255370e+00
100000.0 35.0 187.5 86400.0  4.17062652626517199e-08 1.09949920819669003e+02 -2.21807258989839440e-01 -1.49750571662618555e+01 2.28714995749932459e+00
100000.0 35.0 300.0 0.0  5.27187206933756654e-08 1.24134191386171665e+02 -2.17768339062020253e+01 3.88419732436172680e+01 -7.78025608347982067e-01
100000.0 35.0 300.0 137.0  5.27135116820078915e-08 1.24109117938806278e+02 -1.76024448928574984e+01 4.04632936992469325e+01 -1.28946675028984514e+00
100000.0 35.0 300.0 5000.0  5.19663802506505278e-08 1.23189733670091130e+02 8.46537002793138171e+00 4.51869096367017278e+01 -3.99744188562113578e+00
100000.0 35.0 300.0 86400.0  5.27044026265340475e-08 1.24643549535980000e+02 -3.28975877660960663e+01 5.07776513016638660e+01 -1.99404193225435872e-01
100000.0 70.0 0.0 0.0  2.23302424788144490e-07 1.30890075333369197e+02 2.92106651902808210e+01 6.16236097028739493e-01 -9.28850181088475724e-01
100000.0 70.0 0.0 137.0  2.23306186770945024e-07 1.30884205015750780e+02 3.01766509731260513e+01 -1.12361903055447776e+00 -8.06074957417370785e-01
100000.0 70.0 0.0 5000.0  2.22820410940747201e-07 1.30379148719994134e+02 4.00163141293623781e+01 2.01401743676196787e-01 -5.06811618228247518e+00
100000.0 70.0 0.0 86400.0  2.24094184403368048e-07 1.30899368024498784e+02 3.49955065322163748e+01 9.94074650706625995e+00 3.95480265763834660e-01
100000.0 70.0 90.0 0.0  2.13520821102854029e-07 1.24917314965881488e+02 -9.14343006697478877e+00 -3.21725370068988141e+01 3.95480265763834660e-01
100000.0 70.0 90.0 137.0  2.13418807573462218e-07 1.24860373107912537e+02 -9.42587518996168860e+00 -3.20304458803366714e+01 3.95480265763834660e-01
100000.0 70.0 90.0 5000.0  2.09698633081575172e-07 1.22859964780671689e+02 -1.74734615209201252e+01 -2.57723033149055887e+01 3.95480265763834660e-01
100000.0 70.0 90.0 86400.0  2.16121109292242254e-07 1.25839821038631072e+02 -1.94891300467356636e+01 -2.55038723881981255e+01 -1.81788813326345355e+00
100000.0 70.0 187.5 0.0  1.99567326441058441e-07 1.19224677446221492e+02 -4.25204780534687075e+01 6.41839888744534992e+00 -1.81788813326345355e+00
100000.0 70.0 187.5 137.0  1.99561188873403243e-07 1.19238419377088348e+02 -4.25637826920808919e+01 6.58221663670938284e+00 -1.81788813326345355e+00
100000.0 70.0 187.5 5000.0  2.00179439086134343e-07 1.20115204366799190e+02 -4.39007488308591149e+01 1.33433026148109519e+01 -1.81788813326345355e+00
100000.0 70.0 187.5 86400.0  2.00653445347098713e-07 1.19008080370989333e+02 -3.47411921262271690e+01 3.41923798213454866e-01 4.05821589565997165e+00
100000.0 70.0 300.0 0.0  2.17102103560247957e-07 1.28778350753847604e+02 -2.35743192189067408e+00 4.30650734550437733e+01 4.05821589565997165e+00
100000.0 70.0 300.0 137.0  2.17209773890258992e-07 1.28821251070957658e+02 -1.93503889264629869e+00 4.29908202902821586e+01 4.05821589565997165e+00
100000.0 70.0 300.0 5000.0  2.20523297607342781e-07 1.30083564962040384e+02 1.24082111878298864e+01 3.65575391871523223e+01 4.05821589565997165e+00
100000.0 70.0 300.0 86400.0  2.16030659935987386e-07 1.27959723530581130e+02 8.56831238954338303e+00 2.95227141733936520e+01 -1.56588697769127516e+00
140000.0 -60.0 0.0 0.0  2.63600224940022084e-10 1.62007997694604768e+02 1.62012028482311848e+02 -2.40038191270025649e+01 -2.08784930358836673e+00
140000.0 -60.0 0.0 137.0  2.63843707099094885e-10 1.61939613442946495e+02 1.61990131618395964e+02 -2.25950783569726816e+01 -2.08784930358836673e+00
140000.0 -60.0 0.0 5000.0  2.69451273741489136e-10 1.58937707723268744e+02 1.60905436361355385e+02 1.89587792619372024e+01 -2.08784930358836673e+00
140000.0 -60.0 0.0 86400.0  2.59525506405029774e-10 1.63134664417364405e+02 1.58573660912660500e+02 -5.81009508658570297e+01 -1.29727059877213602e+00
140000.0 -60.0 90.0 0.0  2.21170153645349643e-10 1.43368617072250260e+02 7.55428406336635732e+01 1.30383179391504136e+01 -1.29727059877213602e+00
140000.0 -60.0 90.0 137.0  2.20365648973001212e-10 1.43208112612463964e+02 7.55807503101373470e+01 1.26975437351491109e+01 -1.29727059877213602e+00
140000.0 -60.0 90.0 5000.0  1.89962667403867603e-10 1.37065640194888147e+02 8.08516890471742897e+01 4.82713648963591524e+00 -1.29727059877213602e+00
140000.0 -60.0 90.0 86400.0  2.34177453422353570e-10 1.45929632611092501e+02 9.98540267151033589e+01 2.85507668112401483e+01 -2.40088070714209856e+00
140000.0 -60.0 187.5 0.0  1.18429145585836467e-10 1.18630704665459859e+02 6.02798476610514626e+01 2.55324092136646819e+01 -2.40088070714209856e+00
140000.0 -60.0 187.5 137.0  1.18499496966415942e-10 1.18641920930721170e+02 5.93592598440271075e+01 2.51046277086770608e+01 -2.40088070714209856e+00
140000.0 -60.0 187.5 5000.0  1.26367534023746944e-10 1.21093041454575626e+02 2.77700300817678922e+01 -9.13326163720787676e-01 -2.40088070714209856e+00
140000.0 -60.0 187.5 86400.0  1.18135394111326732e-10 1.18788548681527871e+02 4.52874832393811602e+01 2.13119753741887408e+01 -3.13956246637096115e+00
140000.0 -60.0 300.0 0.0  2.20210233784987299e-10 1.58712524489525634e+02 8.69702320584433721e+01 -1.67650835950026476e+02 -3.13956246637096115e+00
140000.0 -60.0 300.0 137.0  2.20735196235330736e-10 1.58867639486449377e+02 8.83856061640907456e+01 -1.67208445609209917e+02 -3.13956246637096115e+00
140000.0 -60.0 300.0 5000.0  2.38044756507839438e-10 1.62741780185357158e+02 1.32808771914502159e+02 -1.37114032667191708e+02 -3.13956246637096115e+00
140000.0 -60.0 300.0 86400.0  2.10943729233784426e-10 1.55687652194790502e+02 8.31828420827324067e+01 -1.51618413358545837e+02 -1.26878041589996382e+00
140000.0 -20.0 0.0 0.0  2.39744632758031237e-10 1.72802616193355362e+02 -1.60177823773601311e+01 -6.61996051823897460e+01 1.65256594554858949e+00
140000.0 -20.0 0.0 137.0  2.39673891642084696e-10 1.72714113112067906e+02 -1.43748959723364429e+01 -6.91415397014565656e+01 1.63099925976944182e+00
140000.0 -20.0 0.0 5000.0  2.41996055772535506e-10 1.69320567912598477e+02 -2.09561717970903700e+01 -6.43882789642601523e+01 -1.61403324470052928e-01
140000.0 -20.0 0.0 86400.0  2.42720893485120267e-10 1.74069483658036262e+02 2.77301042313665569e+00 -3.99050803492489621e+01 8.30280873587696200e-01
140000.0 -20.0 90.0 0.0  2.58420248448630413e-10 1.53597143402264777e+02 2.23002110669045095e+01 -4.00380463430530398e+00 -3.96963234226169170e+00
140000.0 -20.0 90.0 137.0  2.58111724031606663e-10 1.53444385475063285e+02 2.21496059721871035e+01 -4.51087384939793168e+00 -4.26259260579258115e+00
140000.0 -20.0 90.0 5000.0  2.39215486265487722e-10 1.48012834703051055e+02 2.81229574437729219e+01 1.19200711305821976e+01 7.54411371622376592e-01
140000.0 -20.0 90.0 86400.0  2.59645156192056654e-10 1.55957360919052036e+02 1.02744410641025254e+01 -1.18529081020384019e+01 -4.28362481041243637e+00
140000.0 -20.0 187.5 0.0  1.49511067481531960e-10 1.42025555390925007e+02 6.96305686663090881e+01 1.27043284610144589e+01 4.38605851359825838e+00
140000.0 -20.0 187.5 137.0  1.49697388429639861e-10 1.42141240981177759e+02 6.67601108687856311e+01 1.03551030109942719e+01 3.50251713164710621e+00
140000.0 -20.0 187.5 5000.0  1.65766588450061922e-10 1.47661153880966850e+02 4.83519141813713560e+01 -4.22058346515614957e+00 3.12662021975635085e-01
140000.0 -20.0 187.5 86400.0  1.48687031342403561e-10 1.40125241183694953e+02 5.47690702941446474e+01 9.30359695451777746e+00 4.89750873312593793e+00
140000.0 -20.0 300.0 0.0  2.76690878386487791e-10 1.76654661455686636e+02 -2.27206627432182700e+01 -4.87215782155749011e+01 -1.85216050071063809e+00
140000.0 -20.0 300.0 137.0  2.76476054421154739e-10 1.76701187368200408e+02 -2.37653514524771268e+01 -5.19491902794028562e+01 -1.70237339953329547e+00
140000.0 -20.0 300.0 5000.0  2.63430510215544384e-10 1.77116259571732769e+02 1.58203588356027289e+01 -3.40725682896975570e+01 -3.04943087535703317e-01
140000.0 -20.0 300.0 86400.0  2.77918840857436563e-10 1.75625226408286494e+02 5.48334256195519032e+00 -4.20187581401366756e+01 2.55486454699589238e+00
140000.0 0.0 0.0 0.0  2.19797257339571593e-10 1.79827338881477601e+02 -5.05126990978441626e+01 -2.44512060370147530e+01 -1.77319408100389331e+00
140000.0 0.0 0.0 137.0  2.19634531886665167e-10 1.79629489978202997e+02 -4.63990890389691870e+01 -2.47014777772823635e+01 -4.88007030293359845e-01
140000.0 0.0 0.0 5000.0  2.13767446193976349e-10 1.71781549912270862e+02 -3.21460465826264610e+01 -5.29997850406936237e+01 -2.57402844626466232e+00
140000.0 0.0 0.0 86400.0  2.22560991252575065e-10 1.82519933184725119e+02 -6.43624416286072005e+01 6.74644214432239053e+00 1.55483758494129587e+00
140000.0 0.0 90.0 0.0  1.93115001901116630e-10 1.51770723134229002e+02 6.85613592902151225e+00 -3.67340063981493756e+01 -4.85412362600135339e+00
140000.0 0.0 90.0 137.0  1.92823640794304959e-10 1.51712666606425813e+02 8.35890104035758341e+00 -3.68045723912522575e+01 -4.42365667244215466e+00
140000.0 0.0 90.0 5000.0  1.80561145650357215e-10 1.50273698099371387e+02 2.01510510056005998e+00 -2.84509685188510311e+01 -4.30209505355484989e+00
140000.0 0.0 90.0 86400.0  1.97064012275842612e-10 1.52870768810311461e+02 -7.38500950807502754e+00 -3.60085757698777869e+01 -2.31221614706744338e+00
140000.0 0.0 187.5 0.0  1.45927475107469868e-10 1.47045109551246185e+02 2.88751113367047019e+00 -4.67786606158280591e+01 2.70903969030600722e+00
140000.0 0.0 187.5 137.0  1.46028853802052742e-10 1.47059207740050340e+02 3.66188117031853011e+00 -4.79312560609908047e+01 3.08158076544852655e+00
140000.0 0.0 187.5 5000.0  1.54771641981069665e-10 1.48795675625492805e+02 -5.83726225261178300e+00 -4.17334694013682821e+01 9.62310532630533899e-01
140000.0 0.0 187.5 86400.0  1.44593526083591559e-10 1.46667599601100363e+02 2.20613065128920880e+01 -5.79500204370852856e+00 -5.95323340724061101e+00
140000.0 0.0 300.0 0.0  2.27132974657436578e-10 1.83315091925535228e+02 -5.92325697543173817e+01 1.53460877817308834e+01 4.82421530134172105e-01
140000.0 0.0 300.0 137.0  2.27231667173962868e-10 1.83468833580329147e+02 -5.86878732473049638e+01 1.59923154087577650e+01 9.88032977915696969e-02
140000.0 0.0 300.0 5000.0  2.28078412349973438e-10 1.86701457055682539e+02 -4.13260388907259681e+01 -1.52145716669157434e+01 -1.71296046899882559e+00
140000.0 0.0 300.0 86400.0  2.25286315565640013e-10 1.80199820546776095e+02 -8.08891701627087656e+01 2.65439556184781544e+01 -1.63423142126665599e+00
140000.0 35.0 0.0 0.0  2.50370100063978301e-10 1.92207264982186018e+02 -3.19979727137985250e+01 -3.06003451597054088e+01 3.12259142768378739e-01
140000.0 35.0 0.0 137.0  2.50508207366160857e-10 1.92084401224331145e+02 -3.06315067728949337e+01 -2.92706763228780389e+01 8.41622783706453603e-01
140000.0 35.0 0.0 5000.0  2.53596226234883222e-10 1.85756502529045378e+02 -3.07712833825579217e+01 -3.56674414252726706e+01 -1.94753671955956253e+00
140000.0 35.0 0.0 86400.0  2.47518042083086967e-10 1.93398140354034382e+02 -7.00478505268270908e+01 1.38712672887858357e+01 7.33506270282089257e-01
140000.0 35.0 90.0 0.0  2.04975565205229421e-10 1.53325824037565837e+02 -5.37203096684041483e+01 -9.17796541035207838e+01 7.33506270282089257e-01
140000.0 35.0 90.0 137.0  2.04155048100093695e-10 1.53140849920176208e+02 -5.40475764669559808e+01 -9.24356672568943054e+01 7.33506270282089257e-01
140000.0 35.0 90.0 5000.0  1.73263142834598351e-10 1.48184956730783426e+02 -7.06148951962676961e+01 -1.09038094541916394e+02 7.33506270282089257e-01
140000.0 35.0 90.0 86400.0  2.18327548782006279e-10 1.56738258274493234e+02 7.03358693939541446e+00 -5.55794981732151072e+01 -6.67912279540731646e+00
140000.0 35.0 187.5 0.0  1.13366315848293872e-10 1.52100548929520073e+02 -1.00794178064543502e+02 2.54863975244879448e+01 -6.67912279540731646e+00
140000.0 35.0 187.5 137.0  1.13657455523390813e-10 1.52198961106483182e+02 -1.01023035510928494e+02 2.69067637869268417e+01 -6.67912279540731646e+00
140000.0 35.0 187.5 5000.0  1.30417084876599068e-10 1.56070727102057674e+02 -1.02741242154372955e+02 7.38965689781346100e+01 -6.67912279540731646e+00
140000.0 35.0 187.5 86400.0  1.09428585152627174e-10 1.50124356082244446e+02 -1.44398888265111538e+02 -3.47912812039517689e+01 -1.71254042294973319e+00
140000.0 35.0 300.0 0.0  2.26486577838184796e-10 1.86522697110664694e+02 -8.25368146235347524e+01 4.71998532848430372e+01 -1.71254042294973319e+00
140000.0 35.0 300.0 137.0  2.26800297046683403e-10 1.86710746089519716e+02 -8.22360466197649060e+01 4.65598403978821622e+01 -1.71254042294973319e+00
140000.0 35.0 300.0 5000.0  2.36514342575451437e-10 1.92164535372588063e+02 -7.36940214494789245e+01 2.52550390140298333e+01 -1.71254042294973319e+00
140000.0 35.0 300.0 86400.0  2.21262198157815523e-10 1.82786719950260959e+02 -3.95352566901203204e+01 5.87284364347724903e+01 1.40995877641465084e+00
140000.0 70.0 0.0 0.0  4.60041535791112187e-10 1.84944322273828249e+02 8.79119945108762408e+01 7.64939902819578244e+00 1.40995877641465084e+00
140000.0 70.0 0.0 137.0  4.59800185394493396e-10 1.84901853275027833e+02 8.81430690696375621e+01 6.69106158586858957e+00 1.40995877641465084e+00
140000.0 70.0 0.0 5000.0  4.47431762689496033e-10 1.82956823751876556e+02 9.15871824550789029e+01 -2.81677584749013121e+01 1.40995877641465084e+00
140000.0 70.0 0.0 86400.0  4.61446037019151403e-10 1.85296245219373617e+02 7.40047817598941435e+01 1.05906853114524360e+01 3.39011604782469256e+00
140000.0 70.0 90.0 0.0  3.70960207135363248e-10 1.73162961199137669e+02 2.94295389533824725e+00 -1.41505111665342980e+02 3.39011604782469256e+00
140000.0 70.0 90.0 137.0  3.70243907617682665e-10 1.73096026136462200e+02 1.78371131358652413e+00 -1.41829963446745694e+02 3.39011604782469256e+00
140000.0 70.0 90.0 5000.0  3.44610119986776514e-10 1.71133119656562656e+02 -4.16649210765608586e+01 -1.45128419696034314e+02 3.39011604782469256e+00
140000.0 70.0 90.0 86400.0  3.81335945857335097e-10 1.74093596347081814e+02 4.04459805127209222e+01 -1.41731030113133670e+02 -1.82463832662257897e+00
140000.0 70.0 187.5 0.0  2.83930234939252407e-10 1.72725615289381807e+02 -1.27193904145288855e+02 -2.06726250807516791e+01 -1.82463832662257897e+00
140000.0 70.0 187.5 137.0  2.84026180711069986e-10 1.72781234433005665e+02 -1.27086803370001377e+02 -1.93161318031008804e+01 -1.82463832662257897e+00
140000.0 70.0 187.5 5000.0  2.94369337129240520e-10 1.74977806857655082e+02 -1.14793739318563382e+02 2.62971928373359241e+01 -1.82463832662257897e+00
140000.0 70.0 187.5 86400.0  2.82013719607642973e-10 1.71516313759403289e+02 -1.57973146489757625e+02 -3.85250570317333541e+00 4.40734911520954942e+00
140000.0 70.0 300.0 0.0  4.37671089393590941e-10 1.85164142062399037e+02 5.82364470327027473e+00 1.13455879306620673e+02 4.40734911520954942e+00
140000.0 70.0 300.0 137.0  4.38346154142746642e-10 1.85197941515229530e+02 6.63918176863229714e+00 1.12903527077859621e+02 4.40734911520954942e+00
140000.0 70.0 300.0 5000.0  4.56699503398036481e-10 1.86000856627538781e+02 3.25189895478114792e+01 8.95187511277066932e+01 4.40734911520954942e+00
140000.0 70.0 300.0 86400.0  4.23269535065508955e-10 1.84240497834581163e+02 -3.76766991214350782e+01 9.79047826736384792e+01 -4.59010232789394657e+00
200000.0 -60.0 0.0 0.0  1.51474453458726933e-12 1.66318251336918962e+02 1.22122070114100453e+02 -2.04224866287548110e+01 -6.31139070085417675e+00
200000.0 -60.0 0.0 137.0  1.51554145512024804e-12 1.66240713600210228e+02 1.21726616171474305e+02 -1.90190955660564782e+01 -6.31139070085417675e+00
200000.0 -60.0 0.0 5000.0  1.53485946764017614e-12 1.62745218060620431e+02 1.39140780062760513e+02 3.13678091121173352e+01 3.92295299585971646e+00
200000.0 -60.0 0.0 86400.0  1.50620409942113889e-12 1.67591182509609780e+02 2.07616444455654289e+02 -6.84588820795013220e+01 1.77429905731331727e+00
200000.0 -60.0 90.0 0.0  1.24821650882740544e-12 1.44495980094451738e+02 1.20722129435967730e+02 3.90477272383838070e+00 1.77429905731331727e+00
200000.0 -60.0 90.0 137.0  1.24360012540314891e-12 1.44319476291967874e+02 1.20838214031318316e+02 3.64306585044244358e+00 1.77429905731331727e+00
200000.0 -60.0 90.0 5000.0  1.07355462550853599e-12 1.37732499297274074e+02 1.27842719095990788e+02 -1.08857550188074370e+00 1.77429905731331727e+00
200000.0 -60.0 90.0 86400.0  1.31617479021889236e-12 1.47354053806674926e+02 9.28764497553326152e+01 5.29095989665583204e+01 -5.44004214956652721e+00
200000.0 -60.0 187.5 0.0  7.72404276616036231e-13 1.19376730632389183e+02 4.22856923790454573e+01 5.46722683990973195e+01 -5.44004214956652721e+00
200000.0 -60.0 187.5 137.0  7.74130256349094764e-13 1.19394647174013329e+02 4.12444523133408083e+01 5.41339152895063904e+01 -5.44004214956652721e+00
200000.0 -60.0 187.5 5000.0  8.65288047394780047e-13 1.22125847267437365e+02 6.66201321778175615e+00 2.36707684653925376e+01 -5.44004214956652721e+00
200000.0 -60.0 187.5 86400.0  7.48949402411877631e-13 1.19433326709714223e+02 1.00696795655748986e+02 5.22610152533913848e+01 -1.84800282489552448e+00
200000.0 -60.0 300.0 0.0  1.39311036070976317e-12 1.62404334094831853e+02 1.50180574020896785e+02 -1.48250674504994180e+02 -1.84800282489552448e+00
200000.0 -60.0 300.0 137.0  1.39494480583882950e-12 1.62576803375651508e+02 1.51647820025324592e+02 -1.47733053620342361e+02 -1.84800282489552448e+00
200000.0 -60.0 300.0 5000.0  1.44713041005250015e-12 1.66963892496821359e+02 1.96636007534024003e+02 -1.14994021429415383e+02 -1.84800282489552448e+00
200000.0 -60.0 300.0 86400.0  1.35646337531020605e-12 1.59072293969517688e+02 8.67282160094081433e+01 -1.64444796948525351e+02 -2.11358299856829790e+00
200000.0 -20.0 0.0 0.0  1.35167604383280176e-12 1.81921097596094910e+02 5.25692768888499842e+01 -6.44954817887626035e+01 -6.16400778525824844e+00
200000.0 -20.0 0.0 137.0  1.34907759148506414e-12 1.81821967682965038e+02 5.14789534547753789e+01 -6.09492989713905615e+01 -6.50522022107879749e+00
200000.0 -20.0 0.0 5000.0  1.24299389935034956e-12 1.77574201142177088e+02 4.72657561665203332e+01 -5.05658350958698151e+01 -2.20881368762239516e+00
200000.0 -20.0 0.0 86400.0  1.38743517336889337e-12 1.83247541286059857e+02 1.94492720240087706e+01 -3.32277519695992538e+01 2.27928426312251320e+00
200000.0 -20.0 90.0 0.0  8.41153006428798668e-13 1.55405484721055302e+02 2.91318270970195883e+01 1.29691182864995991e+01 2.53431013928660764e+00
200000.0 -20.0 90.0 137.0  8.37637939801080628e-13 1.55214706009267445e+02 3.27340300456673035e+01 1.11874554458131712e+01 2.92228060441518345e+00
200000.0 -20.0 90.0 5000.0  7.00314803473169647e-13 1.48840501977441846e+02 2.89409989038140587e+01 1.22872728213401672e+00 1.27705502381651548e+00
200000.0 -20.0 90.0 86400.0  8.85870410417469791e-13 1.58513871448154816e+02 2.48948094599047991e+01 6.63180347391137648e+00 -1.62648244209154358e+00
200000.0 -20.0 187.5 0.0  4.43016843453513013e-13 1.44549043648353575e+02 6.72343782029838906e+01 -6.01274651396540172e+00 3.47400118185518636e-01
200000.0 -20.0 187.5 137.0  4.44871045236006846e-13 1.44682647218300048e+02 6.28374606364867816e+01 -7.13290305127455415e+00 -1.33299801268846485e+00
200000.0 -20.0 187.5 5000.0  5.54236360444972953e-13 1.50744547133064628e+02 3.31665877954942800e+01 -1.84598504440440152e+01 2.71017814809461388e+00
200000.0 -20.0 187.5 86400.0  4.15002530870829824e-13 1.42279870036868431e+02 4.74348081043055672e+01 -3.17535327571160160e+01 2.09121653853390121e+00
200000.0 -20.0 300.0 0.0  1.48174326074335915e-12 1.83485583011012835e+02 -3.72225033094118842e+01 -5.54510733838600913e+01 -9.03926424623888103e+00
200000.0 -20.0 300.0 137.0  1.48291339078770581e-12 1.83570117510100943e+02 -3.39220906008006295e+01 -5.36646221060091904e+01 -7.78457964575193984e+00
200000.0 -20.0 300.0 5000.0  1.48369768263751500e-12 1.85264531632391510e+02 -3.09980831971729280e+01 -7.15381784223729653e+01 -6.40781437766335493e+00
200000.0 -20.0 300.0 86400.0  1.44869540545168978e-12 1.81831339174232909e+02 -5.31035484599209155e+01 -4.83705018333655516e+01 -3.45377631288656728e+00
200000.0 0.0 0.0 0.0  1.38612431780811979e-12 1.89101252967464518e+02 -5.17776359424019503e+01 -4.65229902896739276e+01 -3.83290146002746301e-01
200000.0 0.0 0.0 137.0  1.37966641885031874e-12 1.88890158633830367e+02 -5.69242738127722419e+01 -4.75006406411491824e+01 -2.44233250374339073e-01
200000.0 0.0 0.0 5000.0  1.12807902032870208e-12 1.80156896987609173e+02 2.14772165348660238e+00 -6.41772427700591805e+01 8.53608793339701299e-01
200000.0 0.0 0.0 86400.0  1.47342843179290192e-12 1.91923489195088308e+02 -8.25957632247010736e+01 -6.02637220497945520e+01 5.84759405987543257e+00
200000.0 0.0 90.0 0.0  5.80226850617923650e-13 1.53824792553742213e+02 -1.59761091373703099e+01 -4.33152962823546304e+01 -1.60434107923318137e+00
200000.0 0.0 90.0 137.0  5.78665407709450402e-13 1.53726708099676529e+02 -1.60161165434966293e+01 -4.64292210140285988e+01 -2.03925796095272771e+00
200000.0 0.0 90.0 5000.0  5.38494773952471872e-13 1.51240368818414197e+02 -1.38474091651298146e+01 -4.54228093905855701e+01 -3.62852046223936409e+00
200000.0 0.0 90.0 86400.0  6.07860831032080492e-13 1.55672214735463655e+02 -6.91986620920827100e+00 -6.36942687080943557e+01 -6.12546328609894175e+00
200000.0 0.0 187.5 0.0  4.37649798060418674e-13 1.49695431803807196e+02 6.92703943142725542e+00 -2.64069064348765252e+01 -5.28253010884566088e+00
200000.0 0.0 187.5 137.0  4.37759352798606894e-13 1.49734587980618784e+02 8.53315829154441197e+00 -2.32657832031148430e+01 -5.64166187488896931e+00
200000.0 0.0 187.5 5000.0  4.76009505867789269e-13 1.52321279362009648e+02 -1.01578542439985320e+01 -2.09007339442709430e+01 -3.94233967087248383e+00
200000.0 0.0 187.5 86400.0  4.35048972771466290e-13 1.48883900392403802e+02 -1.21167872625132009e+01 1.95388866775903232e+01 -1.09431848314653624e+00
200000.0 0.0 300.0 0.0  1.42487290854691277e-12 1.91011101519501437e+02 -8.52467405477041069e+01 4.71409282687296169e+01 2.60650683577616959e+00
200000.0 0.0 300.0 137.0  1.43089413264321766e-12 1.91195367423612794e+02 -8.92845469426072498e+01 4.29980506723880325e+01 2.98949815176308809e+00
200000.0 0.0 300.0 5000.0  1.57735552226041689e-12 1.95423109299918906e+02 -7.54817766288991407e+01 1.26872770229719212e+01 5.14012778086105815e+00
200000.0 0.0 300.0 86400.0  1.30978526278643987e-12 1.87363269885772525e+02 -1.13200711947807235e+02 5.48280574393488536e+01 -6.03132605126998200e+00
200000.0 35.0 0.0 0.0  1.88173441689674488e-12 2.05336701315677004e+02 -1.74932644830516573e+01 -2.50660583033516371e+00 -3.84056942618317754e+00
200000.0 35.0 0.0 137.0  1.87746252200639681e-12 2.05206016105839069e+02 -1.68440450400912027e+01 -9.51444256652155484e-01 -3.98970088357201869e+00
200000.0 35.0 0.0 5000.0  1.64068855039969557e-12 1.98022462764973341e+02 -1.51452460308365939e+01 -9.15385218382642130e+00 2.43375896955731719e+00
200000.0 35.0 0.0 86400.0  1.91440807321767480e-12 2.06500882956684507e+02 -6.78990157181907250e+00 2.92317692974478049e+01 -4.42817943659909741e+00
200000.0 35.0 90.0 0.0  6.03728017152821230e-13 1.57846490446291426e+02 2.15124908611915089e+01 -1.07547389580322104e+02 -4.42817943659909741e+00
200000.0 35.0 90.0 137.0  5.98937340667518265e-13 1.57610256839965984e+02 2.09962281170257796e+01 -1.08197111800833838e+02 -4.42817943659909741e+00
200000.0 35.0 90.0 5000.0  4.70280788851965058e-13 1.51287899755122368e+02 -2.54700192698149408e+00 -1.21671149414594211e+02 -4.42817943659909741e+00
200000.0 35.0 90.0 86400.0  6.94616608325142088e-13 1.62189258456296244e+02 -6.65483327090421994e+01 -1.16909341733778462e+02 1.43207169720783978e+00
200000.0 35.0 187.5 0.0  4.38646065409772698e-13 1.56500814017322597e+02 -1.90583629654131215e+02 -9.05078814911144036e+00 1.43207169720783978e+00
200000.0 35.0 187.5 137.0  4.40145735597616272e-13 1.56620227842295407e+02 -1.90740487831966334e+02 -7.63464324111075321e+00 1.43207169720783978e+00
200000.0 35.0 187.5 5000.0  5.08999638552915036e-13 1.61175692216453143e+02 -1.90335641045214913e+02 3.70282287179849519e+01 1.43207169720783978e+00
200000.0 35.0 187.5 86400.0  4.11314537684362408e-13 1.54121295655971579e+02 -1.56769076339768361e+02 -3.40063094389036848e+01 -4.43904918953729499e+00
200000.0 35.0 300.0 0.0  1.48833565919016665e-12 1.96525580479708509e+02 -1.03598972070470722e+02 4.12695371895058400e+01 -4.43904918953729499e+00
200000.0 35.0 300.0 137.0  1.49710158844612464e-12 1.96760899111595251e+02 -1.03318732913319508e+02 4.07999714631112624e+01 -4.43904918953729499e+00
200000.0 35.0 300.0 5000.0  1.77601696206614862e-12 2.03830368850081726e+02 -9.33567463575208194e+01 2.56402046720866821e+01 -4.43904918953729499e+00
200000.0 35.0 300.0 86400.0  1.32897063826203580e-12 1.91969059065678152e+02 -6.75981779580416458e+01 4.06607419990317567e+01 -3.76737890560997268e+00
200000.0 70.0 0.0 0.0  2.96393945624443741e-12 2.03500982076016356e+02 7.66866013434039075e+01 8.78543258670417515e+00 -3.76737890560997268e+00
200000.0 70.0 0.0 137.0  2.96053574209006661e-12 2.03473741499330913e+02 7.71259674199773997e+01 7.76673836082703151e+00 -3.76737890560997268e+00
200000.0 70.0 0.0 5000.0  2.78795980314638387e-12 2.01846309774307457e+02 8.73530234297835904e+01 -3.11263781692510229e+01 -3.76737890560997268e+00
200000.0 70.0 0.0 86400.0  2.98046675359898395e-12 2.03478765763918858e+02 9.36078291404506047e+01 2.60815095763126052e+01 -2.16934201748536282e+00
200000.0 70.0 90.0 0.0  1.89868364908116292e-12 1.90047812834406272e+02 3.36262357033903356e+01 -1.57352975813896677e+02 -2.16934201748536282e+00
200000.0 70.0 90.0 137.0  1.89260245941606312e-12 1.89953972870035130e+02 3.23201904159866302e+01 -1.57829070794510329e+02 -2.16934201748536282e+00
200000.0 70.0 90.0 5000.0  1.70281172727548286e-12 1.87049553312088847e+02 -1.69558401946603610e+01 -1.64779862094130493e+02 -2.16934201748536282e+00
200000.0 70.0 90.0 86400.0  1.98568018977878301e-12 1.91329241442515070e+02 -9.85341907527265448e+00 -1.37454456179878946e+02 -1.62537609486529799e+00
200000.0 70.0 187.5 0.0  1.49692292884542324e-12 1.86376515269732153e+02 -2.00818557476208468e+02 -1.46010713056111872e+01 -1.62537609486529799e+00
200000.0 70.0 187.5 137.0  1.49889810724992779e-12 1.86425427516199676e+02 -2.00745350776768532e+02 -1.31535580481684260e+01 -1.62537609486529799e+00
200000.0 70.0 187.5 5000.0  1.60707806838764839e-12 1.88474407051126491e+02 -1.89450709012972368e+02 3.52923435123857985e+01 -1.62537609486529799e+00
200000.0 70.0 187.5 86400.0  1.45368682149753576e-12 1.85223759574658629e+02 -1.53144853734365370e+02 -8.20190848003614406e+01 -3.18775012458381335e+00
200000.0 70.0 300.0 0.0  2.76782712366140678e-12 2.00936435084030791e+02 7.48702207448262058e+00 5.53196171241009296e+01 -3.18775012458381335e+00
200000.0 70.0 300.0 137.0  2.77413018041056467e-12 2.00998463522604226e+02 8.37138742555272941e+00 5.49100478295972323e+01 -3.18775012458381335e+00
200000.0 70.0 300.0 5000.0  2.95169576959616438e-12 2.02835277777351507e+02 3.80300710941580675e+01 3.62387361958385696e+01 -3.18775012458381335e+00
200000.0 70.0 300.0 86400.0  2.62621897170149564e-12 1.99475321705289076e+02 -9.94327247351539256e+00 6.85916483612234913e+01 9.14791514162061392e-01
300000.0 -60.0 0.0 0.0  2.14833262463692545e-14 1.66341085013014947e+02 1.82718019389153511e+02 -1.57026840028299368e+01 -9.54854881495926788e-01
300000.0 -60.0 0.0 137.0  2.14822501280509495e-14 1.66263472262062237e+02 1.79648356946791182e+02 -1.23736318386864497e+01 -8.97779805836018019e-01
300000.0 -60.0 0.0 5000.0  2.12483080951425064e-14 1.62764913056629581e+02 1.40658520406353773e+02 3.04862110628853245e+01 1.30285377024067728e+00
300000.0 -60.0 0.0 86400.0  2.15445735426721013e-14 1.67615357190409100e+02 1.81499022047981839e+02 -4.85413997652356741e+01 -1.53252849582076056e+01
300000.0 -60.0 90.0 0.0  1.60462746460259099e-14 1.44505793717166540e+02 9.46047070282953086e+01 2.38222550381040321e+01 -1.53252849582076056e+01
300000.0 -60.0 90.0 137.0  1.59835384250469890e-14 1.44329240760186849e+02 9.47207916236458942e+01 2.35605481647080950e+01 -1.53252849582076056e+01
300000.0 -60.0 90.0 5000.0  1.38033863995284611e-14 1.37740688602013392e+02 1.01725296688318366e+02 1.88289068123849077e+01 -1.53252849582076056e+01
300000.0 -60.0 90.0 86400.0  1.69818037397005903e-14 1.47364794773683542e+02 6.84471076777459331e+01 2.49277514769446746e+01 6.35165135790365820e+00
300000.0 -60.0 187.5 0.0  1.14843070941516783e-14 1.19381733642229406e+02 1.78563503014587717e+01 2.66904209094836666e+01 6.35165135790365820e+00
300000.0 -60.0 187.5 137.0  1.15113156080930544e-14 1.19399667883888114e+02 1.68151102357541227e+01 2.61520677998927376e+01 6.35165135790365820e+00
300000.0 -60.0 187.5 5000.0  1.26221789010926257e-14 1.22132174833470700e+02 -1.77673288598049268e+01 -4.31107902422111167e+00 6.35165135790365820e+00
300000.0 -60.0 187.5 86400.0  1.10570139510345408e-14 1.19438175384570371e+02 1.44789901800866048e+01 8.75844140733928356e+00 8.97066697818623737e+00
300000.0 -60.0 300.0 0.0  1.99874984179596406e-14 1.62427830319403370e+02 6.39627685452344039e+01 -1.91753248351046267e+02 8.97066697818623737e+00
300000.0 -60.0 300.0 137.0  2.00219819534741442e-14 1.62600372430120160e+02 6.54300145496621894e+01 -1.91235627466394448e+02 8.97066697818623737e+00
300000.0 -60.0 300.0 5000.0  2.09423176989675636e-14 1.66989089858766363e+02 1.10418202058361601e+02 -1.58496595275467484e+02 8.97066697818623737e+00
300000.0 -60.0 300.0 86400.0  1.92837376454751902e-14 1.59094459502800078e+02 8.73999626676978494e+01 -1.08395612149095157e+02 -4.18700059120153512e+00
300000.0 -20.0 0.0 0.0  1.92249576509920663e-14 1.81945982820924513e+02 2.19837960275964690e+01 -5.56607282433281370e+01 -1.26675417135841695e+00
300000.0 -20.0 0.0 137.0  1.91865527126936812e-14 1.81846806008583627e+02 2.07886137046641863e+01 -6.36946611617214487e+01 4.96037975606089532e-02
300000.0 -20.0 0.0 5000.0  1.73539146060227562e-14 1.77596731992326113e+02 1.79765960705647387e+01 -5.32800160072489604e+01 2.99928725728032530e-01
300000.0 -20.0 0.0 86400.0  1.96205594248747119e-14 1.83273100303003559e+02 3.84712296952129975e+01 -5.13092748798770231e+01 3.60022352443773563e-01
300000.0 -20.0 90.0 0.0  9.69454254066686069e-15 1.55414065280849712e+02 -1.28345044795064673e+01 -3.18299414379109074e+01 5.01016251679799796e-01
300000.0 -20.0 90.0 137.0  9.64262303091695134e-15 1.55223195097174937e+02 -1.50886157815627691e+01 -2.84251503384735038e+01 3.85502763304541030e-01
300000.0 -20.0 90.0 5000.0  7.84608056442771039e-15 1.48846532739384571e+02 3.22374797637693717e+01 -2.86910210905832805e+01 -1.20202496061526398e+00
300000.0 -20.0 90.0 86400.0  1.04448319800603212e-14 1.58524240748328594e+02 3.81388601633621249e+01 4.55325054868338199e+01 3.94874437545332313e+00
300000.0 -20.0 187.5 0.0  5.38331492693878917e-15 1.44557501899221421e+02 -1.06794272544584103e+01 -4.90966068111838254e+01 1.30194991721222619e+00
300000.0 -20.0 187.5 137.0  5.40703369484377551e-15 1.44691163751703357e+02 -1.09430335247758777e+01 -4.42710972633091728e+01 1.66654529763175940e+00
300000.0 -20.0 187.5 5000.0  6.72910609616130750e-15 1.50755338181499525e+02 -2.55291445062938926e+01 -2.85198183341652083e+01 1.52069124714465032e+00
300000.0 -20.0 187.5 86400.0  4.99831233662352242e-15 1.42287281605042352e+02 5.79370487203337206e+01 2.52318945934626733e+01 8.84927747580461599e+00
300000.0 -20.0 300.0 0.0  1.90832389916723234e-14 1.83509447266490213e+02 -3.58023840256100669e+01 -1.88953674508973464e+01 -1.23309193801344907e+01
300000.0 -20.0 300.0 137.0  1.91239001535187123e-14 1.83594043822156891e+02 -3.71740892956304521e+01 -1.39751855604725250e+01 -1.27641239411832892e+01
300000.0 -20.0 300.0 5000.0  2.00659574677871478e-14 1.85290087067410269e+02 -4.60593158000482887e+01 -2.75880299357058796e+01 -9.81913979111167023e+00
300000.0 -20.0 300.0 86400.0  1.82389763282118159e-14 1.81854153364617360e+02 -2.90759327347357903e+01 -7.96892476619088228e+01 -1.34394212014310477e+00
300000.0 0.0 0.0 0.0  1.95874858542527474e-14 1.89124644135681308e+02 -5.57197503578745099e+01 -6.52406997128728534e+01 -9.64832741498061974e-01
300000.0 0.0 0.0 137.0  1.94875480921701174e-14 1.88913496577972069e+02 -5.79562875810798062e+01 -6.20675778653164798e+01 -9.23106909107222928e-01
300000.0 0.0 0.0 5000.0  1.54664229589141263e-14 1.80178002110571583e+02 -1.63036771098273974e+01 -6.47903814859091653e+01 4.67667759576208475e+00
300000.0 0.0 0.0 86400.0  2.08387295126011294e-14 1.91947757065474548e+02 -1.10670862028534422e+01 -3.99136041105501747e+01 1.25247786624791484e+01
300000.0 0.0 90.0 0.0  6.77576760464719822e-15 1.53834776082309816e+02 -1.62423188245030872e+01 -4.68788711654708408e+01 -8.62454111639740784e-02
300000.0 0.0 90.0 137.0  6.75405764198935769e-15 1.53736614388531336e+02 -1.59316382883312180e+01 -4.33366355369197152e+01 3.26503169963461432e-02
300000.0 0.0 90.0 5000.0  6.23416199711889454e-15 1.51248001180270478e+02 -3.20229968891339496e+01 -5.13456144216792651e+01 4.85139011788119578e+00
300000.0 0.0 90.0 86400.0  7.17141409720518923e-15 1.55683599070984883e+02 -1.86721754430781672e+00 -5.26741436933568536e+01 9.85281822863510293e+00
300000.0 0.0 187.5 0.0  5.09910619770992184e-15 1.49703232990194408e+02 -2.51683586287144614e+01 -1.41363808629075240e+01 4.26765083592431793e+00
300000.0 0.0 187.5 137.0  5.09923814798003482e-15 1.49742448706737974e+02 -2.22528183971649334e+01 -1.54822734052642463e+01 3.86395754671474467e+00
300000.0 0.0 187.5 5000.0  5.49756067789543350e-15 1.52331842225059859e+02 -3.10541351428500931e+01 -2.59767254454913754e+00 5.18868592502625958e-01
300000.0 0.0 187.5 86400.0  5.07730384887761106e-15 1.48890834108565002e+02 9.98429263969586600e+00 -1.10158818085397066e+01 2.76795840680099570e+00
300000.0 0.0 300.0 0.0  1.87161821813943408e-14 1.91036123349874003e+02 -4.26930246782678040e+01 3.64803765527354642e+01 -8.36100900394524671e-01
300000.0 0.0 300.0 137.0  1.88224578768642508e-14 1.91220420590339074e+02 -4.25123468570376204e+01 3.34966386391264592e+01 -1.46116929601570411e+00
300000.0 0.0 300.0 5000.0  2.17145306330176546e-14 1.95448650718900211e+02 -3.76493885383841302e+01 -1.55369811578962338e+01 5.44845332469838262e+00
300000.0 0.0 300.0 86400.0  1.67285824450540722e-14 1.87387630948239917e+02 -7.67463282312600512e+01 3.40284811917129986e+01 2.82275011539140852e+00
300000.0 35.0 0.0 0.0  2.47898568198218072e-14 2.05379300577167726e+02 -4.45963206739649038e+01 2.68431678951958794e+01 1.86680011191506479e+00
300000.0 35.0 0.0 137.0  2.47229716330444611e-14 2.05248535107687275e+02 -4.16232879510445315e+01 2.57607843700024262e+01 1.41497875126174599e+00
300000.0 35.0 0.0 5000.0  2.10156997972064664e-14 1.98060955058646016e+02 -3.99957998170874873e+01 2.21158974462307221e+01 -3.17636651590755292e+00
300000.0 35.0 0.0 86400.0  2.52977798026244194e-14 2.06544615739555582e+02 -8.16144474430063127e+00 8.46956160645367362e+00 -6.66420799463289582e-01
300000.0 35.0 90.0 0.0  6.63636840789334349e-15 1.57862685833090012e+02 2.01409476887099501e+01 -1.28309597271316250e+02 -6.66420799463289582e-01
300000.0 35.0 90.0 137.0  6.58124132183974214e-15 1.57626325250012542e+02 1.96246849445442209e+01 -1.28959319491827983e+02 -6.66420799463289582e-01
300000.0 35.0 90.0 5000.0  5.19407161470689017e-15 1.51300757551816076e+02 -3.91854509946305285e+00 -1.42433357105588357e+02 -6.66420799463289582e-01
300000.0 35.0 90.0 86400.0  7.70753092303572359e-15 1.62207843286195668e+02 -1.39559862537707602e+01 -1.24586033886619560e+02 4.29035649853195800e+00
300000.0 35.0 187.5 0.0  5.38256178132601219e-15 1.56517254153436397e+02 -1.37991283198859776e+02 -1.67274803019525287e+01 4.29035649853195800e+00
300000.0 35.0 187.5 137.0  5.39965529639947309e-15 1.56636737650145506e+02 -1.38148141376694895e+02 -1.53113353939518397e+01 4.29035649853195800e+00
300000.0 35.0 187.5 5000.0  6.13949916553852992e-15 1.61195168290766020e+02 -1.37743294589943446e+02 2.93515365651438671e+01 4.29035649853195800e+00
300000.0 35.0 187.5 86400.0  5.05259638978252600e-15 1.54136599778130858e+02 -1.28486715748048965e+02 -5.95836477562724838e+01 4.60131917549970915e+00
300000.0 35.0 300.0 0.0  1.84394694316323748e-14 1.96566276095383046e+02 -7.53166114787513266e+01 1.56921988721370376e+01 4.60131917549970915e+00
300000.0 35.0 300.0 137.0  1.85693196320973140e-14 1.96801695285825133e+02 -7.50363723216001119e+01 1.52226331457424600e+01 4.60131917549970915e+00
300000.0 35.0 300.0 5000.0  2.28851076697499055e-14 2.03873891678007368e+02 -6.50743857658014235e+01 6.28663547178831550e-02 4.60131917549970915e+00
300000.0 35.0 300.0 86400.0  1.61135802155898378e-14 1.92007848854659358e+02 -4.54740538099769012e+01 4.86546364397205693e+01 -2.46477210382344669e+00
300000.0 70.0 0.0 0.0  3.07265702280425957e-14 2.03607171062484269e+02 9.88107254914686450e+01 1.67793270273929913e+01 -2.46477210382344669e+00
300000.0 70.0 0.0 137.0  3.06999003538637509e-14 2.03579936029036531e+02 9.92500915680421372e+01 1.57606328015158486e+01 -2.46477210382344669e+00
300000.0 70.0 0.0 5000.0  2.91616640125561814e-14 2.01950980764591662e+02 1.09477147577848342e+02 -2.31324837285622067e+01 -2.46477210382344669e+00
300000.0 70.0 0.0 86400.0  3.07616325770927754e-14 2.03584225234901510e+02 1.17405682483469519e+02 1.03259268741929588e-01 4.87363358647267297e+00
300000.0 70.0 90.0 0.0  2.00713976188601504e-14 1.90129766947795844e+02 5.74240890464092502e+01 -1.83331226121467353e+02 4.87363358647267297e+00
300000.0 70.0 90.0 137.0  2.00095380357408793e-14 1.90035747416887006e+02 5.61180437590055448e+01 -1.83807321102081005e+02 4.87363358647267297e+00
300000.0 70.0 90.0 5000.0  1.81216834755825422e-14 1.87126073233398813e+02 6.84201314835855356e+00 -1.90758112401701169e+02 4.87363358647267297e+00
300000.0 70.0 90.0 86400.0  2.09665681799783037e-14 1.91414093396637043e+02 1.77661719520010806e+01 -1.40997499558303645e+02 -3.67011736506766706e+00
300000.0 70.0 187.5 0.0  1.65041870790495325e-14 1.86453105743803889e+02 -1.73198966448934755e+02 -1.81441146840358876e+01 -3.67011736506766706e+00
300000.0 70.0 187.5 137.0  1.65251310711293721e-14 1.86502086154186458e+02 -1.73125759749494790e+02 -1.66966014265931264e+01 -3.67011736506766706e+00
300000.0 70.0 187.5 5000.0  1.75927379504125758e-14 1.88553585966171710e+02 -1.61831117985698654e+02 3.17493001339610998e+01 -3.67011736506766706e+00
300000.0 70.0 187.5 86400.0  1.60389363349735701e-14 1.85298891441279295e+02 -1.61101865542569925e+02 -6.49080081062605814e+01 -5.35500148416050537e-01
300000.0 70.0 300.0 0.0  2.81251389762862893e-14 2.01031524483091715e+02 -4.69989733721937419e-01 7.24306938182017888e+01 -5.35500148416050537e-01
300000.0 70.0 300.0 137.0  2.81872012648082144e-14 2.01093695604051732e+02 4.14375617348170522e-01 7.20211245236980915e+01 -5.35500148416050537e-01
300000.0 70.0 300.0 5000.0  3.00449202463070201e-14 2.02935546056498879e+02 3.00730592859535122e+01 5.33498128899394288e+01 -5.35500148416050537e-01
300000.0 70.0 300.0 86400.0  2.67631668145614150e-14 1.99567755641574763e+02 -2.11411977799931137e+01 1.26462683584782013e+02 -2.05620028384061904e-01
